Número de vértices: 10000
Número de arestas: 109977
Grau mínimo: 8
Grau máximo: 43
Grau médio: 21.9954
Mediana de grau: 22

Número de componentes conexas: 1

Componente 1 tem 10000 vértices, e eles são: 
1 2069 148 6644 331 1063 4500 2791 1299 2031 8183 7595 8216 1908 7616 8390 7962 6142 8981 8961 3693 5130 2224 8923 8703 4002 391 5556 2443 6616 7095 9283 1668 433 6539 382 3779 1707 3401 2564 2450 8239 8295 4487 9327 5509 9284 7335 6734 8440 7434 5942 2150 715 7118 9446 7908 2839 5075 9661 770 2969 286 5224 6449 3188 2467 4740 6003 6432 6159 1440 3613 5126 4521 9847 3248 8532 1828 4015 8919 3701 7183 5909 1342 218 1248 6738 4345 5495 4709 4854 8166 9007 5672 7111 1419 2813 3212 8679 7667 5874 7136 6679 1288 4891 7106 8753 2637 7464 8678 3363 9321 1777 9587 9252 563 7840 1202 3924 44 2678 9232 3483 6924 5461 5521 158 893 696 5612 6136 827 4563 3489 8551 9167 2909 8555 4813 9023 2001 1550 1617 7033 2980 5631 6887 3460 9137 966 253 6647 2606 5604 329 5681 6948 1976 3099 6210 4515 8891 3090 6910 7733 7660 9082 8307 2352 9002 4104 7246 7713 7870 4916 7149 1066 1106 5011 5121 5611 9957 854 7478 8266 7708 3308 5410 8359 2522 3950 9309 9759 2452 1030 8409 45 812 4060 2881 228 368 9623 1284 1929 6845 2325 7113 4614 4703 7099 7192 9494 3795 8622 1079 7831 9440 4083 4207 2958 4205 9677 1851 3083 5319 3434 8167 7816 9654 3747 6861 4584 6211 3354 6235 4770 560 9295 7677 9800 5937 6157 1418 5000 1757 7228 6370 6993 6817 3240 3332 1343 8257 3982 1325 277 294 5541 6566 96 6434 7723 8228 8516 7769 8535 7379 5265 7875 7010 6141 8578 9685 419 7131 7077 5987 1696 9322 5856 8670 2445 6654 9466 8298 8028 8097 4692 9170 1731 527 1869 9315 9519 9301 1603 6187 6928 8336 3752 9721 7023 5181 7499 1716 7664 5634 7185 9068 5151 4405 9930 1482 9901 243 9910 5122 8779 4587 7891 1069 2703 9684 1274 8382 3360 1321 1402 764 3486 8064 8529 4504 4135 4607 4326 3340 3299 4541 2458 6435 662 9147 9008 5971 2276 7196 2687 2853 2782 7518 1179 1468 2591 4046 4828 8436 8911 8406 2238 2611 5327 9145 2582 5482 2705 8463 4082 3417 825 9944 6998 5865 232 9544 6996 1760 3079 2494 4732 7561 3369 9724 3055 449 9543 9591 9658 5815 1398 3600 7027 8507 4186 2261 7578 2758 5083 9981 5693 6123 1548 5714 1085 9631 500 7438 3843 8834 6464 2657 9175 4220 3891 1800 644 4519 5748 9863 1604 3259 169 3224 4386 2042 8340 4491 1561 6443 6274 3729 3822 3636 180 5169 7043 7982 285 1449 6705 7959 518 6490 551 4447 6304 7139 350 6008 604 8624 8033 9702 3678 6041 1835 5082 3511 1844 3465 1632 4661 3186 3399 1994 1155 315 9420 9168 9184 141 4583 9922 905 3421 7137 4849 299 9745 6886 46 1119 9271 8979 3684 89 6957 6165 612 5061 1195 1344 430 2347 4309 1766 3380 8851 7606 7903 313 554 1985 4737 4109 8881 8938 1312 849 7217 9462 1530 1687 9845 6138 9410 2230 8861 9951 6276 9503 4915 4938 816 1862 8962 5329 3129 3845 7803 4037 3484 8423 5362 3971 6788 7635 5340 8986 9708 6286 2943 3882 2873 4689 914 2559 9123 4217 884 8915 6649 4526 4245 1258 4349 6987 6747 7331 56 3148 1233 2247 1460 5160 4764 8814 9460 8644 7997 8795 108 672 6303 5651 6930 2907 5935 5064 6118 9005 472 1903 8684 2217 1250 8426 4678 7197 6382 9949 1770 537 1507 6172 1571 1300 8699 2446 2483 1660 9443 3036 5201 9416 7049 3895 989 9084 400 1713 3252 6333 6741 9044 1302 494 7636 7175 3736 2263 8325 29 9527 2683 9537 2507 2012 6821 954 8671 8051 759 664 1960 8611 6529 8932 2165 6065 185 6661 7329 6791 6145 4944 9657 8244 7568 330 1436 9713 1647 7292 3062 6311 5566 3776 9227 1028 8483 9058 6213 267 4147 7001 5589 1243 5355 250 8896 4041 4613 351 1511 3179 536 4557 3720 9988 8520 2889 2993 1685 4977 6749 9976 6350 621 3829 6071 6411 9054 9771 9478 2904 6337 8808 3418 4647 4895 5549 3316 5202 5700 4716 1099 1057 8616 9676 40 7797 9575 1080 1253 5040 7882 5388 6477 8852 4520 2643 3726 2949 8006 7030 8493 7008 464 7874 5686 1047 7786 5843 8026 5997 1275 7788 7555 8067 5396 5733 8005 9492 5430 8084 5619 1367 6249 1020 1892 4658 159 9741 7012 2515 5177 212 4216 8849 4971 5837 6737 5222 5264 8817 5557 426 59 994 4452 2807 6997 6238 9526 2979 968 2614 1027 4738 1877 5888 6980 1943 3748 8430 4553 3995 6835 9664 4117 1115 5846 8342 675 2848 6721 146 5927 5230 4878 4432 9573 5656 970 9572 1023 3097 1005 7314 8124 8193 7443 9720 2959 4346 1772 3330 6895 1256 1827 3357 4752 1068 9842 3253 5771 1904 5836 5480 5240 1242 6297 6300 8970 2142 7174 397 6266 883 1738 1442 138 2302 7354 8854 3232 4327 8553 6130 6932 848 7230 6287 4482 2580 4285 2815 5139 9304 5947 3494 3652 3104 8172 3005 7650 5579 3001 586 3687 6615 5726 1467 5620 2044 387 4251 9727 8647 2823 4558 7776 4686 4788 3897 9013 4048 7069 5146 7088 6242 5041 7494 9997 9051 8746 3325 1185 1263 5952 8071 7764 9302 9182 1942 3908 2310 6033 6730 9808 7036 5948 9740 5288 3568 3445 5553 8262 9030 4882 697 7941 2511 8946 1081 2153 9445 3555 9081 3050 5697 4481 9912 6626 6032 1938 8270 962 654 7186 3024 5520 1172 5705 5134 9169 8949 6963 7253 5755 850 3282 6195 1426 3993 737 4951 7546 3175 5367 4918 7817 1724 7481 3838 410 7511 3507 5764 3174 7533 1962 7268 7742 1683 1709 9238 9817 2691 1782 873 8620 9947 5859 276 9765 262 9056 5573 2806 6913 98 5309 501 9111 4897 8075 599 6671 6586 4053 1486 5539 9348 9632 9090 82 5443 602 1628 5316 4399 2401 8035 3598 8482 2871 3075 6001 428 3176 5833 3000 4097 2202 2954 2610 127 9666 8771 2189 3455 4196 8839 6414 2146 8840 7747 2674 5600 3006 6820 9129 3827 111 147 1295 198 2852 7287 2512 5350 2899 2046 6347 7669 23 6715 9393 2808 1616 5855 693 9652 5627 5779 5429 2981 2154 3940 7710 7133 2748 7937 2927 4973 3444 963 9345 7767 8056 7785 5304 9380 5639 6343 1769 5493 69 4547 8002 4594 607 8197 9497 802 7476 5864 6569 283 9151 5786 157 7495 7965 8547 5379 102 4887 4950 4255 51 1703 7725 5399 3737 5368 1982 1210 9032 6110 4881 278 1192 2016 1805 4064 3860 1463 3864 4167 939 7734 6185 3007 661 1078 7517 9298 8728 1868 824 8285 8802 3291 5320 5759 2123 7389 6742 9437 2056 3800 2043 41 6597 3126 1304 6561 2933 6412 3395 7215 1887 4152 7580 4114 2112 7015 6105 7385 899 3696 6164 6650 3594 9240 8641 4142 6587 3002 861 3969 9584 3620 7680 6889 7887 92 3622 2826 2694 5994 7958 2079 6011 1456 3692 4926 852 7522 2101 478 5218 6168 5707 2579 4261 8273 9400 2572 642 6690 2755 1420 7716 4539 7825 4652 3604 1657 3166 3263 2685 2732 6718 2439 3256 3531 2865 4352 8691 3020 8798 5821 9187 7552 7016 5954 5790 8820 5884 6319 4096 2253 606 8460 4359 8389 9767 2788 2762 3536 8212 8322 7096 7674 9622 1585 7884 742 574 5349 5615 9055 4055 7315 4559 2994 7989 1147 2222 1135 3980 6277 4851 5289 2211 1641 4880 3957 7079 8160 195 4750 8685 7558 9370 3045 4288 7809 6201 5014 7712 1339 1819 8378 7596 1470 2394 754 1655 7783 6973 12 4276 8942 6831 1034 3584 8589 7220 4941 8347 762 1690 5789 3824 7473 819 1793 4586 5019 359 904 1562 3390 2017 9157 6703 7746 7652 6773 2766 2245 4324 8971 3258 2232 5483 4995 2048 5469 7897 5383 2397 2660 2989 5690 9535 9613 1506 6723 7880 4920 463 5770 3407 3368 8729 4274 1053 9681 6778 2567 8306 1588 7316 9404 325 8001 3923 4792 3497 5472 9774 3601 7818 1710 1888 2681 9287 2035 8682 9171 8983 7342 7644 2554 4675 484 1171 6892 2358 7115 3454 689 7717 7430 9221 488 520 3039 8451 1196 9577 1945 1488 9602 1551 4043 8982 925 5570 6591 826 2972 1399 9107 4398 5453 2113 8086 8128 4762 6454 3768 7620 6019 4625 9022 6263 2835 9033 1234 9830 688 7524 7239 8013 123 1704 7581 6543 1326 2901 5384 3557 4608 3249 5914 2601 909 8255 8639 6686 6787 7605 1965 4127 7271 7824 6635 9402 1357 8542 8519 7936 2359 3508 9893 3163 3574 8008 2508 2829 6054 6789 5475 9985 8321 6196 4776 2291 6772 4591 5560 1031 6802 8709 3790 6151 8552 6018 3088 3426 2470 4200 9978 1389 2274 5419 6711 7397 4713 9595 4909 1213 5006 2644 8713 9585 6421 9948 5246 9386 1368 2542 3402 881 3974 9313 610 7425 4983 4649 2562 4496 8457 207 7034 4945 9668 766 1661 9768 9802 1200 3986 5825 4132 9833 9375 4726 9486 8559 4844 2331 7310 2574 504 2530 8736 8452 7588 5380 9529 5211 8435 6921 6975 2100 9586 3342 4577 194 8646 1206 5087 8686 6114 7107 3855 5881 6768 1141 465 7409 2453 9469 3686 8155 628 982 8698 1490 124 8151 7059 4077 4305 4796 781 3572 1712 5658 8905 8171 5974 7375 4817 8458 5434 2645 2180 3612 4180 7309 9530 8315 5057 6052 1890 6638 7920 1122 6355 9550 3234 91 7387 6600 2143 406 6786 7601 9773 4949 7345 9927 9739 6308 2902 345 9277 4172 4976 5494 6357 7340 943 4753 9363 5377 9228 7270 7097 4165 3442 9429 2802 6945 8984 9717 5760 5614 1925 8837 7641 9959 750 7039 6609 4149 5775 8122 588 4073 5332 9918 7004 4350 1448 3070 8827 9737 7285 3254 1007 7801 5220 9777 783 9122 1758 4566 3133 3056 3396 2249 9110 3452 7368 5291 2733 3755 9512 5738 2272 7877 9703 9344 3869 6133 2975 738 7599 900 7871 7679 7232 5308 5363 3698 2186 7172 7740 6413 1416 3518 627 7752 3661 5425 5432 9508 9003 6780 7251 9119 1673 1560 1591 1154 1269 2627 1947 5028 2757 6016 2492 8200 7687 3703 4317 8074 8231 7854 2342 3797 2219 6475 1144 2140 3998 8533 3702 2486 9397 4465 3213 6158 5269 4845 1717 1654 7163 4565 7612 1469 402 1218 393 5548 6991 2329 6026 1227 7145 2565 2303 8764 5192 3587 9963 4501 9358 6505 8112 2402 9552 9835 371 2926 7089 3317 7295 2597 9914 2725 462 3963 8830 2378 7623 3431 8474 9804 821 8952 2987 6247 4347 6764 5621 7229 7608 4154 4183 4138 5328 5796 6113 3953 2719 7545 5870 9871 3275 7031 9087 2003 4818 2414 2391 3373 3866 3833 3667 1608 1044 3802 5924 7086 5213 6652 6519 5812 1510 6499 3336 7820 3164 7700 2642 2798 8403 4812 7727 2225 5535 9115 6310 1514 9472 818 2207 6429 3985 4736 4879 5637 8387 2296 2502 8376 1541 949 6344 7057 2780 2234 2388 9945 1751 3996 4598 8776 2437 9086 6515 3803 2229 9474 7684 2883 8042 8737 7070 1531 8410 5793 3637 5302 1137 9116 9970 5907 6868 7458 4133 1732 7577 9294 2886 5562 5832 5908 4237 2587 4570 9692 114 3302 4139 1254 7980 9509 8210 6090 844 5357 8876 6283 1214 2609 3208 9954 5039 684 8045 534 1481 1569 4428 8738 8385 236 9837 1346 5135 2742 8303 6259 9202 3255 3912 6257 6689 9367 5818 911 613 953 6855 6181 7532 9980 4957 245 637 6881 2905 1919 2677 2062 8087 3997 9752 2170 3071 7719 4853 1166 9542 9291 7435 660 8683 5762 7618 8291 6252 9039 7048 5043 2864 1845 9618 2081 9120 9810 8695 8510 1535 756 7415 5360 3823 1163 4312 6971 7991 934 6660 5431 5694 2738 5400 1935 3949 6946 6436 4371 9539 3952 6829 1735 7904 4960 5638 5370 4068 2525 3298 5273 6793 7878 2702 5168 680 1317 2649 5037 2095 7565 9799 5458 5799 415 6239 3960 6799 2599 5749 2717 6169 882 5989 6215 3270 260 2481 4531 9423 6513 678 5613 6720 6273 4923 3458 7973 461 3251 5906 4870 1664 1374 7603 922 561 2669 8750 3063 3168 2273 3173 9570 9687 7040 1648 2405 9500 3851 455 6796 11 300 1310 9555 414 9398 9796 3285 2795 9511 6727 1391 9783 3021 855 9406 6905 6707 5099 1246 7707 4721 2836 5725 6555 9521 2903 796 7898 773 9368 5128 2327 4874 7302 573 3080 4131 9041 4476 9102 8947 803 9019 7842 2626 5422 3143 6785 8727 8976 1111 2997 1409 9826 279 8402 4502 1653 3893 9216 1754 7782 9112 1563 6965 4429 6312 3223 1788 2052 6445 9395 8677 1247 4969 4325 4731 9566 3553 2340 4365 6968 8848 3410 5257 8966 5420 6407 9173 8723 2188 5575 4518 7676 6983 2915 552 695 4238 4857 7326 8068 7960 2183 8626 2897 7665 4867 8328 8930 9820 7628 1182 514 9379 2510 301 9558 5003 5118 6363 892 220 2566 2334 6685 4034 7944 3461 1663 5659 1187 967 5465 1183 7275 3351 4795 2476 4252 1901 1061 4241 2973 2129 8468 4426 9351 8024 121 5552 2877 8017 9532 3318 6221 2208 5114 210 3716 8500 9388 2169 8629 9106 8333 115 1074 8281 4414 9259 34 2590 7126 6362 5967 2612 3296 2721 6491 74 135 4717 7337 9421 6010 9917 4876 6313 2156 4039 7830 99 4699 361 7278 3846 5662 4228 2544 8422 4181 7138 3721 9015 1767 5981 5834 7420 7549 5677 8499 1698 2138 9516 5260 3834 1798 3052 7100 6882 6393 5763 4595 7512 6301 2412 608 4890 7632 4449 8574 9451 1130 7575 2631 7361 5481 3273 3288 2461 1601 5734 7177 4150 7759 3150 5929 8388 5234 9520 3825 5603 4272 9369 2617 2161 8313 4084 8230 6476 5455 346 5717 357 9824 4885 2144 4358 875 7564 4464 413 9562 80 1715 4668 467 9088 440 9043 846 3498 5187 7014 4367 891 129 5926 6234 2068 7332 7024 7109 4163 1332 3973 2811 395 2596 9074 5274 7560 2792 7141 3504 3533 935 5402 2856 5474 2686 9318 1812 2749 1572 3473 2203 8170 1054 1978 352 3746 8725 7396 1000 1614 1605 5227 3663 8348 5310 3713 9899 9012 6625 724 3922 2650 8320 2928 7353 2945 9565 988 2778 7370 8118 8638 3989 3228 722 4657 5492 975 9554 5632 508 8209 7098 3549 815 9428 5745 5058 6907 703 2159 5654 2517 4314 4733 4075 2177 1190 4860 1008 6216 7787 5702 9016 4917 5381 2739 8182 4536 3581 2518 6601 9092 1497 167 2323 5590 9334 7432 647 5013 8660 5245 7411 2759 4315 1722 6068 7924 6324 1433 7267 774 5538 312 9743 9299 4830 4143 6827 4162 3073 9374 4808 5436 5791 7127 6696 3563 5807 1279 3456 6808 4335 6697 7969 9876 2608 7129 9798 8538 7087 2665 4197 4794 933 601 6102 341 9673 8047 6570 2860 7548 4730 8566 113 7143 9212 173 6100 5724 9969 4735 8481 4381 8274 7128 5205 3801 8000 2832 4819 7373 603 5052 1475 8416 1865 5648 5514 6698 5189 4093 1439 4975 2497 4760 5198 5450 7703 4236 5891 4666 9341 7988 2531 2418 5804 7611 1012 3918 2115 8502 2197 6280 6219 5088 3115 8521 760 4170 9907 6396 6469 3422 3108 3847 4989 174 5838 713 757 7144 1810 3624 3358 7696 4023 6850 4446 6035 8525 1058 2793 7377 8136 5592 1320 7066 5860 6771 1832 1936 322 1065 4195 3160 306 9353 8119 9811 7250 8506 9894 1221 721 6058 1291 5414 592 9610 2548 6653 2920 7041 2723 6779 1428 3446 8658 3853 1918 7748 5416 7753 9953 9222 1749 9219 7835 9485 9108 6126 1885 1017 2131 6595 2344 4375 7583 83 828 2265 421 2951 7071 5136 1711 3788 4471 8604 3141 9882 5026 7847 566 3320 7076 4825 907 6361 7427 6320 9593 4103 8565 6456 3491 719 5488 7456 1790 7104 1896 9996 2094 6415 9422 3243 8965 8734 1373 7765 1406 6847 5131 7829 5797 5175 259 6552 9850 2315 1341 9838 6002 3042 8309 9052 8010 5270 9330 3480 3898 1755 3178 6560 1547 7293 8513 5875 745 3929 1013 1586 3072 4164 2345 9881 6681 150 6271 6150 8792 8581 7298 280 8522 1379 416 4939 122 8953 2816 3558 7722 2667 8395 7299 6766 142 476 7190 7045 7020 4032 7322 1557 1307 7234 845 9419 4894 2178 9979 1879 7949 7005 2139 4758 7433 6716 2105 2390 5178 6483 9473 9972 5766 5689 5373 1181 5660 9671 4514 8 4443 189 3057 728 2104 7406 3967 7833 8791 7333 3521 2341 6021 3447 8767 5576 6672 2621 9793 1198 6332 4749 9464 8733 9515 2030 369 9286 2906 1152 3172 3128 9998 442 3988 424 9210 8246 7566 8050 5736 469 9399 381 4061 9987 7312 8775 288 6545 3219 2521 6634 3436 8704 5053 908 9276 1407 5401 347 7258 2646 6642 7930 6368 6602 2389 1691 4417 6305 4961 9659 7303 5893 732 9725 2363 1498 8592 1745 2061 8648 3392 810 985 4262 7939 9964 2137 2396 9149 5945 8948 8058 9734 2740 544 1747 6922 9559 8902 8265 2635 8470 1209 1285 8360 1521 2771 4489 1855 6316 4403 8796 9861 7011 5669 2096 4575 6384 5956 3271 7709 9583 938 4263 1830 7838 5920 775 8765 55 7647 8614 6585 5861 1997 309 8710 3577 8003 6405 5622 4468 9189 3775 7853 100 6883 4600 1995 991 9962 9672 8145 3235 3836 3515 7600 5256 1889 7254 3744 804 1219 4691 8392 3527 1199 5633 1086 2707 2996 1981 8453 5351 14 9938 499 348 6430 9357 1268 7970 9748 6392 7872 9536 1102 1977 2000 5292 7440 3588 4997 2355 9251 704 8517 6908 4287 2055 3608 9040 8354 1059 1801 7971 5248 1984 2215 2896 9413 1259 3582 6290 5305 9764 1355 4728 832 9004 4221 619 49 7378 4904 7866 1623 7428 3490 6175 5311 1266 8204 3685 5895 7656 4991 3886 8991 4017 4257 4210 583 2536 5454 3462 9261 3264 8545 5440 3229 7348 3400 3122 5737 4003 2891 3804 4902 208 8619 9214 6947 3881 8726 7576 792 9856 3757 3485 2398 5313 7811 8310 4137 8432 132 3211 9183 171 8818 3595 93 293 1121 8256 4859 7662 9601 4965 8305 473 1922 2514 3082 1296 6955 856 981 5940 3346 5326 4497 2441 4525 3764 7199 2916 307 8098 5889 9898 61 8041 1534 6230 6198 7134 1886 3710 2361 8853 9560 9878 8518 7158 2205 3503 866 5683 665 9710 5191 1741 321 632 3556 3105 9819 1695 978 7537 1532 3469 6298 7901 5159 6224 1780 8968 9453 9267 2375 9237 4676 3378 9197 7423 6812 6463 2671 6846 7778 8484 9665 3134 950 1848 3026 5933 8621 6360 9735 2248 4777 7421 4027 5527 9903 9250 4311 213 6467 9696 8149 3459 2774 1699 3990 2696 8693 9596 9178 8446 8250 4992 1953 5641 5145 3761 8073 38 2628 5722 7068 7439 2781 81 8882 5035 5285 7140 7706 2428 1926 7699 3854 3067 6995 2584 7794 9352 403 5969 5878 4718 133 1043 5330 7224 8023 2029 9556 1461 1105 8053 9069 7593 1974 1376 3488 4814 6155 3943 2623 6709 3145 2080 6034 890 7922 9742 4013 7881 4714 7819 6346 4329 9349 3366 8570 9180 5758 7929 1672 7193 1934 7800 5387 787 3277 2594 2713 6839 151 52 2338 6074 4805 2577 673 1271 444 2466 9501 6389 1515 3931 5903 5322 4408 8264 9062 7218 8358 4621 6285 8886 782 2613 1860 8623 8929 2592 9755 8277 8284 3659 4774 9606 3766 1765 4579 3432 2633 9269 5558 2087 2876 6605 6457 517 3311 3956 4503 2541 1680 3123 2231 6816 7122 8811 4955 8229 4151 2093 2573 3359 1212 6399 9686 1392 9688 652 2252 7506 5630 1730 1465 6012 1353 2769 1207 961 3575 8269 2764 1244 2147 9290 6014 1411 7855 6403 439 264 1863 7640 7873 4707 1464 2092 6704 3516 7212 4001 6826 6666 1504 5847 3322 9403 1444 6080 995 4134 5899 896 6944 5385 4240 9548 275 3010 2082 3061 2145 2773 9029 2009 4474 5675 7806 5852 5922 9067 2595 5281 3185 182 1327 4959 244 6284 8317 3889 4227 8524 164 9644 3195 9855 4650 1618 7633 9454 8825 8282 7344 9576 3463 2195 7072 7142 4687 1431 5157 3018 733 9738 9806 401 879 4354 3525 8324 8625 805 261 9484 7836 4590 7412 4303 8799 5471 8353 4734 8636 9887 3650 530 5652 705 1686 6229 5546 2053 1671 3566 8289 4664 8731 3199 9142 7983 9621 7579 4425 9162 4 8408 3714 3364 1979 2639 8534 7482 3069 2326 8370 9265 4811 8689 9625 3089 8835 193 9547 9619 6349 3076 6781 2776 1987 2828 3958 5221 6668 2607 265 5382 8874 8921 2357 5486 8027 7498 6387 3928 1939 7678 7796 178 9498 1194 3550 1971 5339 2551 2941 7386 8540 9718 7950 5911 3065 3938 9350 7290 2385 2820 1852 4545 7651 388 310 9099 6507 1229 3523 4334 5851 6937 6756 8364 7711 175 9479 1592 3548 8120 1257 1950 2893 4816 272 8640 8319 4872 8412 4528 1454 1056 1322 9747 4178 2533 8450 776 3244 7812 5741 7351 1825 6986 8931 7942 8312 4702 6732 7262 3593 497 863 7692 9046 2894 8092 9450 1108 8539 4366 5625 2330 2964 1948 3903 305 6762 5730 2348 6925 7474 3899 5867 8599 2294 8144 4533 3495 743 5010 9650 4146 577 201 3367 8304 980 3385 5024 2529 5050 7394 5106 6203 4741 6073 5991 9245 681 9449 6369 8439 1447 6999 1132 7384 2321 6872 8828 3966 6485 8489 3314 6460 9801 740 7718 435 3227 6205 3863 6804 4952 741 8455 7832 3513 1874 7416 2149 9841 7503 8081 9433 6797 6309 7966 9869 5729 8495 6427 7795 8951 5977 3628 4116 105 1983 7453 630 593 5018 2020 1157 1543 3268 2834 4701 7132 7610 7513 5806 2744 8173 9990 9489 2869 1386 1142 4286 4063 5499 9776 1408 9001 3225 7649 8052 521 4801 1578 6049 374 229 9342 9604 1803 2459 5792 6981 8129 5706 5635 5968 2911 8361 9862 8803 7349 8188 2387 4766 4982 8226 7653 4922 1998 8787 9148 6748 3153 3315 3735 829 4571 9297 1404 6480 3290 3821 7078 3457 1558 1643 6482 5805 448 790 8613 1168 2132 7534 8165 4987 3972 4362 3948 5827 8601 8258 5902 809 4078 3849 7773 2534 8391 8494 3691 7257 7080 6020 5441 8363 7909 9325 6888 266 7288 7613 9282 4051 6121 7694 1764 2872 6373 3944 1381 7405 3892 2184 6302 8096 1100 5784 5580 6038 2756 8201 2888 5930 720 3546 4235 8910 143 8131 9320 9961 885 6386 6918 2332 8383 5524 3371 4392 2560 4832 2985 4190 1174 7791 4886 1629 3440 2166 9757 6927 9038 2379 3086 867 6683 7622 8627 7961 6381 6079 4435 4479 9643 9716 1921 1761 2290 3103 7955 8654 6523 6 6161 1807 7851 2879 7390 6225 2552 2257 2752 958 7732 9468 154 165 8116 3194 8741 144 6658 6348 6903 6013 894 1581 7883 2085 4410 4413 8603 5236 1568 7957 6193 1092 1684 7582 6512 9174 2404 131 8009 5109 2364 5776 3370 615 3772 6015 4769 7204 8696 5960 8025 4617 4884 1260 7360 1038 5670 6043 870 5103 6317 4256 4775 1898 3741 6345 3218 1958 7686 3241 2655 4484 9340 4820 9900 576 6251 9933 6527 2870 1900 3540 8508 5972 396 3732 5629 4458 6992 3530 4102 5163 9616 9825 5516 6117 6243 8702 5060 3118 9736 4901 7860 9448 2400 4618 9308 5089 1220 639 8659 1457 8883 1309 682 3068 2576 4555 2449 4026 2235 2381 6805 1652 7889 7931 3492 2919 4908 9864 6072 9762 597 1189 3093 88 8735 7774 9360 853 7063 7848 4877 4710 273 2083 3142 7691 4098 6832 3945 9598 4529 6218 8393 254 3027 7181 4160 4423 5042 4065 7697 1980 9361 3278 6197 4244 513 6989 2790 9140 5029 4412 535 3925 9865 2682 2955 7363 6060 334 1349 955 903 5728 7531 6030 8467 8352 8252 1545 8716 6146 2371 9936 1180 9273 7060 1358 5801 8794 5585 2067 857 1499 412 7968 2602 8400 5890 5740 1637 7272 1095 1850 3911 5405 3730 3398 418 5394 5331 9097 5031 6934 6739 3441 4712 1496 1873 4662 3682 9172 979 2175 1098 3146 8168 2226 5314 4680 6281 2843 4715 7324 3579 6931 3087 2420 3715 6131 7567 308 1280 8114 7654 1785 5336 3819 1422 4475 3327 1529 2351 3978 7294 9701 145 4310 2693 5358 8712 9332 1899 7701 4499 3326 6743 959 9849 4059 1740 7964 6132 4049 6688 152 7124 1383 1612 6092 2532 5750 1375 7242 8021 3877 7457 7738 7918 1084 5869 5141 3084 6503 9506 6453 3573 2753 9415 9629 3272 3435 1082 1875 4543 7856 6959 2672 6191 459 5768 5536 5961 1536 5655 2801 1492 4166 9475 5608 7112 7082 9255 303 7814 8134 5133 8202 2039 1143 7455 7182 4596 4130 7392 843 9324 7858 7328 947 8913 5593 6154 6815 9890 9049 6950 6536 5511 9706 8781 4112 2727 8113 9915 9733 2300 6452 9124 8560 3617 6067 6040 4372 8126 8630 8346 8299 9919 5897 6115 9118 8772 3739 872 3970 4871 623 8405 4448 2957 1940 3674 8302 8225 6631 7320 747 4810 753 3660 2311 4054 291 7463 5007 4660 9787 1149 6418 290 2729 4250 4631 9105 3109 2593 1272 2157 5513 6693 6655 2770 4373 6684 8479 8240 1796 6953 8148 1739 5713 2119 1164 5498 2196 5506 486 1609 4184 6592 3626 4202 5999 3221 3294 9617 9159 9263 6813 8140 337 9794 1849 5467 202 1774 1003 5317 9994 6884 1011 9487 6226 9744 1822 1096 8130 2038 1763 5225 4280 241 1842 7947 9158 6508 5117 735 3979 6917 6083 4383 820 6646 3514 8969 4581 1553 1276 8985 6466 2465 8251 1795 4868 3377 1350 9417 7447 4929 3712 3184 3981 9336 2210 7306 5628 3976 2141 3165 710 6706 2015 489 1048 633 6900 1303 4593 7671 6342 9226 5986 7211 1417 5743 8076 4436 4925 7763 4385 7382 6954 107 8632 4633 1113 3510 7318 3242 8676 9154 8743 6906 162 1424 2280 6936 106 9270 3762 5676 4863 8260 7075 2998 6911 9376 343 2722 3879 1313 2634 4338 5228 5882 68 2373 4548 6420 4155 9950 3187 4573 5688 7002 2884 6717 4597 7119 4191 7417 5076 3479 793 1779 5491 2182 5551 4695 9892 957 6116 8503 4905 4394 9193 5417 2444 9439 204 65 8504 4301 9096 4266 5063 3592 7400 4441 258 1694 6504 9101 5617 8862 6496 5321 4636 5525 6680 9203 7244 4802 3025 3820 2088 9580 6183 598 2585 8327 1574 6951 6708 9780 4356 8350 9823 5857 622 5534 8214 7236 7586 8473 2520 3499 8434 4588 4364 5898 2819 8238 9185 993 2097 3414 5910 3867 3003 3576 4030 6540 4560 779 5692 3509 2746 1975 9828 572 63 3793 8413 5626 4654 758 9934 6750 6101 8180 9943 6639 3673 3571 8135 6078 9188 2045 6289 8030 1446 2963 5547 7984 4791 1957 4445 6869 1323 990 9839 2313 876 6920 7307 1720 8227 8512 176 869 8784 8243 9851 8617 5822 916 9815 9722 3959 2218 5665 8596 941 4572 9655 7525 8355 4176 149 6364 2204 8940 5084 7465 53 2704 8237 6759 1570 7550 2148 3644 9689 5259 8558 3578 4175 4214 2251 8588 8287 4637 9642 7347 4122 7844 8866 2415 4589 4420 3200 296 5094 1215 4911 3032 3633 8158 1036 4036 1791 3705 5337 8161 4846 4784 8807 4763 8806 945 1235 7167 6231 7393 6929 311 4568 6036 7038 9130 9551 965 2454 4246 2120 4585 6459 8334 6949 1834 9262 5464 1216 6828 333 1773 4419 491 8843 3708 1799 8329 8215 1107 6046 3524 9408 1372 8332 6664 6810 3493 3921 9136 1635 8856 5232 6124 2021 7573 5912 8132 3427 35 9274 6849 2278 7571 4564 3216 66 7867 7739 2716 1255 6676 9356 6125 3449 8957 1396 4677 4483 9749 2800 864 8478 2761 1895 6375 3305 6830 5946 3569 7585 8292 6864 526 2108 9326 4174 1674 1267 7743 3135 4340 2524 1778 5478 6960 6084 5529 7744 9190 2651 6662 5965 7171 394 6087 9011 5258 2695 183 9401 8897 8178 8900 358 7256 27 2072 1951 7648 8461 7913 6184 3177 6056 4704 510 8018 1682 2422 4129 5931 8844 5253 3292 4128 3629 8268 9104 7304 5829 2664 5747 3236 6790 5828 409 5866 5212 5395 2440 8176 8278 8528 1573 3091 1097 4067 5049 8365 3839 450 8606 9153 7164 8996 7155 1126 1088 5949 3858 7000 5679 7907 6441 5876 4786 9675 2010 7062 2192 9640 9567 9831 1430 3711 3520 3690 4984 8191 3341 7952 4797 6985 7398 7977 8414 8937 4996 9975 7325 1556 7557 7247 9285 2360 4644 8397 6270 8049 7200 3635 9272 4569 7865 2680 4537 2630 6007 6611 399 7441 2861 8719 3751 1371 5928 4556 3386 3543 6518 5754 641 3226 8785 9371 502 5650 8793 811 1324 5438 7274 9037 6461 2967 6334 8448 3443 717 9452 3472 8672 4852 3951 6478 7659 7117 6237 1905 1933 4260 3464 6009 6867 4914 1158 1820 1542 3204 1955 6627 4072 8441 2023 1400 1493 8094 8019 2075 2605 9731 7159 8602 5808 7237 2810 6608 8471 9310 4085 4524 8357 3361 48 295 8774 4696 103 2463 9100 8007 8724 3722 8732 5123 1725 8272 1018 7728 542 8271 3415 5250 791 1518 4935 9224 2622 9569 6023 7269 4821 8903 5824 8858 9592 7235 78 4799 4088 5376 4193 4393 7520 8527 9816 8106 6291 3930 8751 2223 4092 7025 7050 3060 6314 7305 4267 972 9859 8549 4772 5996 5591 7731 1237 7300 5095 8224 2374 2451 9579 9244 5199 7123 3383 3896 3683 5563 3671 8718 3517 7559 8419 2322 2880 9493 8164 3214 1883 9020 4724 6678 5586 6470 6119 8992 5567 2419 4492 8205 3028 9488 8379 4913 8133 7488 2474 5030 9048 5137 6670 1397 5699 7225 9278 6572 5854 4942 1148 7634 9525 5923 8488 1613 4837 9982 6599 5008 4295 2076 1114 4639 1382 4074 4016 4744 6186 3047 8998 2620 2455 6024 2844 7487 1161 2938 547 191 8323 605 2971 6299 4780 9645 1032 1620 8600 4629 7201 8941 20 9546 2867 3662 6794 4943 50 6209 860 2346 5596 5435 7779 87 8857 3830 3013 8203 7598 3907 575 7670 8318 4684 974 2598 8108 5255 1744 84 4418 4875 7672 9522 1598 4472 4370 2060 6902 2589 1055 9920 8869 9141 4722 5208 8706 1301 6854 187 5148 3954 9656 2041 7868 5047 8082 5528 548 7645 3450 39 7921 3379 2652 5636 5657 5955 5372 1689 625 6044 1450 4094 2491 6942 3799 9281 8875 6448 3102 9028 281 7157 3547 4685 5984 7426 3742 8121 1484 479 3627 789 3029 8424 4783 643 4396 1151 1441 447 4279 7975 1413 4300 5595 8988 8821 8425 840 392 8758 8375 2472 9078 9095 3365 8872 5392 8681 1967 6268 8631 1564 72 3500 338 6162 8643 7480 2779 1706 5975 2335 1403 4343 1914 3384 3645 1361 3646 9660 3532 7018 5306 2032 3815 9071 6604 806 7084 1894 1104 5185 6294 8111 6982 4551 649 4835 690 5325 9495 8663 3280 356 7536 2570 4574 6260 6070 5446 8040 7943 3037 9459 6663 6841 4688 18 646 2918 3840 8909 9256 6546 9502 847 7120 9597 7343 5069 6530 6629 9608 6353 4937 9257 5223 4478 2618 2794 3999 2008 9126 6139 1596 2862 8673 5574 2936 43 4258 161 9480 5490 7188 4466 8039 7436 8550 1678 999 9411 1917 8759 5545 6417 7515 9225 4212 4765 5404 3927 2314 7919 503 7597 4516 2699 8586 5110 1750 5085 7240 7721 9025 8720 7834 8715 431 104 7371 390 47 4455 2254 7516 1920 7932 8475 7996 9066 7643 4540 5149 2416 3994 3276 1370 7252 1156 36 7282 5262 7839 6288 9150 7437 3992 7154 3138 3902 3814 571 3215 6137 5361 4620 8043 731 1878 5283 7990 794 5716 274 4855 3009 7054 7592 6374 5515 2199 4761 5374 5002 8936 4277 6006 2730 3127 9079 5485 6171 7938 6617 4045 4089 8950 4505 8222 7772 6765 8954 8245 9132 2377 4994 2275 6958 8824 7775 8898 5279 9246 429 6757 1223 7083 7729 2434 7364 8156 8836 3372 9418 2910 2569 9955 3393 6233 2128 3438 2571 3121 6380 85 2395 1177 2246 5817 6542 8407 8605 2051 2857 2489 4105 5723 1611 5868 3406 2366 8236 2292 4933 2070 7604 5468 9885 4306 3008 134 1046 8561 5217 7414 1427 4293 3231 9848 1631 4057 6923 2430 4964 4042 1021 263 4616 1110 7399 3120 2187 8345 2456 4460 9006 7152 3048 784 5448 1669 9293 944 1633 1429 8766 8823 3706 6031 7862 2670 3014 8465 3901 640 8099 2932 5605 984 9600 3906 3677 4494 5543 2349 4209 2172 5896 4298 6593 6692 4693 8301 6557 7273 1140 367 7630 7103 5757 5508 9588 9693 2663 4000 3935 8326 3012 9430 4700 6081 912 3136 385 8404 3304 9258 4671 7497 9394 3301 3583 1829 6691 7761 1224 1727 7151 5129 1656 4374 701 3180 4304 8925 1249 9870 179 1186 8687 7813 7589 1662 6535 2304 7067 4421 9760 5295 7249 298 5739 441 8490 7419 6039 6265 5009 8800 5512 5582 2054 9641 7639 2812 9317 9457 2242 9726 6431 8462 1319 2917 5238 1989 8485 9594 7388 4681 6497 6450 5783 6731 4333 475 7626 3374 4768 5518 7714 2478 2110 2288 1533 6479 1393 887 9832 6269 9133 1840 2549 6359 651 1963 8372 8029 3919 1567 7745 6352 4513 6603 6834 1804 2372 4643 6776 6979 5731 7410 9812 9709 5523 8057 4081 490 596 2831 3756 7110 3631 5107 6531 64 7130 227 694 7135 3470 7999 6498 3602 9093 1289 6567 797 7413 2460 4360 3619 1891 1853 5564 8241 1039 4921 5744 8100 5277 3681 2895 1946 2471 8418 3356 670 780 7362 5550 1524 940 6682 7291 8556 3641 5844 9409 2297 4348 1565 3653 3329 6912 7055 3066 9134 7308 8780 5120 9396 8351 3190 522 7053 8637 5027 6444 8373 6050 4956 3915 3154 5111 9035 8819 6204 153 7102 629 128 2837 8884 4369 5172 807 8958 70 4958 4005 6108 1336 7231 2004 2648 1351 8590 9553 9679 6492 1527 4506 1334 808 2953 2878 8770 327 6803 2436 3506 6865 6879 4549 1363 8980 76 9929 5393 4767 4508 6422 5033 1150 8990 4090 5411 5489 9763 6063 224 7150 5522 9770 5290 4467 5241 6094 3642 8894 6236 1961 1251 4451 4605 2952 3151 1297 1471 3738 4159 6630 7094 9204 8610 8585 4123 6336 6613 2914 4100 3323 5412 9311 7323 2850 6163 7846 1089 1364 6824 8944 739 4199 6541 7859 9766 2086 6564 1041 8095 6027 6152 5423 5727 9152 3630 2191 913 9730 1455 1394 7336 7381 7 95 3471 9077 9215 581 4746 7248 9518 8037 9746 3868 3567 2109 7114 8763 7093 590 6322 4248 7563 6899 5237 4919 7195 2220 4527 5918 4442 10000 7226 8609 5850 9018 1090 4391 2319 5342 6719 3220 9307 1434 5176 2383 5666 3397 9889 1458 3865 1425 9091 859 8887 8841 5375 24 4459 5299 8337 7357 28 2091 5858 6544 9965 3987 4440 8871 4344 9192 1988 1676 5113 238 249 7313 5569 6282 9715 1033 3842 6807 6870 9977 5371 9063 2751 4873 8889 4603 1539 9254 9470 5581 5533 427 2500 7146 658 1443 8788 1746 3293 2376 9663 9070 3310 2324 6097 2136 8879 8147 6051 7810 2282 5644 1736 6853 3564 117 8296 7629 3872 9447 9249 6128 998 3158 6214 3286 6988 446 1414 4071 4253 7914 1240 2111 6222 9296 7736 3589 7467 5988 1783 2516 5298 1546 8579 6800 362 9568 543 200 8280 2356 7762 216 2724 5781 9 9603 4171 7541 5477 2431 389 9858 2745 5278 569 9438 6406 4291 5004 3155 420 5813 6736 2924 1423 2176 617 10 7311 7821 8890 1589 8967 242 9125 7905 8123 8577 6327 6574 7893 5886 9605 9797 344 4906 2754 3904 1719 8680 5772 3565 1238 6440 9483 2424 2077 4270 3861 4203 5540 5333 5272 3331 2240 3274 8054 9781 1347 9458 5165 7210 3697 6651 1775 4619 3890 5943 4363 3947 1806 197 5953 7928 2708 2935 6367 3657 3425 223 8964 4966 650 6178 2765 4201 3603 1549 6673 1231 6596 438 801 5397 6610 5831 9698 9545 5124 3753 5415 6335 8790 653 6753 1211 4107 5158 2006 8476 9504 4670 7321 1733 3805 4086 7852 5959 5143 4357 1512 255 4679 482 4988 4416 7572 9648 3043 1911 7264 6640 509 800 9208 1145 9050 471 3237 3648 5623 2912 7521 2496 2499 889 2922 1287 8747 620 9561 9231 4469 4771 7092 730 1811 3610 2523 5294 2814 3913 2320 7065 67 5476 9674 906 3818 9117 8090 9986 3388 7206 1870 372 2948 4111 4968 7570 6494 1540 4411 5862 6091 9753 9239 5703 4402 4450 7688 897 6255 6843 4351 2821 3353 4779 7760 4095 6351 8175 1576 2887 5917 8815 2064 7661 1388 365 1646 5154 8860 139 9163 5263 9868 9306 4242 8653 1019 4789 1191 4033 8469 3522 8739 2262 9751 1658 1794 7940 6687 6338 5901 3782 6783 9165 3936 8012 445 9788 1037 9902 4719 4029 3261 5284 1356 4827 1621 3534 9873 9061 9690 3049 7510 9047 5268 9779 8826 8401 2700 1913 6538 8157 823 7296 1330 5080 5200 4947 4437 515 6809 5215 8669 3769 6714 8618 2925 1369 8867 3878 5577 4179 9201 5275 5653 5904 570 9427 1597 9205 5921 6901 1847 4900 1125 6594 1973 354 7105 3961 973 2982 3640 9983 901 505 6598 9139 7682 9383 8501 5369 2425 5735 2556 3675 9155 5044 8564 6095 6619 3476 2002 405 4862 8089 6379 1991 9305 4659 5445 9109 4698 5206 7741 2279 8892 1437 9792 7917 2026 6656 7998 7429 2822 7081 5502 3405 5561 1856 226 4824 9211 3621 2435 8645 679 9467 4331 5872 2073 8769 868 5616 4233 8805 8995 6898 4194 5424 9651 6488 8492 3826 6366 1554 4674 4219 9316 4866 4384 8384 6885 8480 3875 9247 6293 6120 6208 4934 4243 7675 9895 4869 493 110 5674 9782 2947 1861 587 3984 1480 5484 6177 37 6220 5462 7227 2027 6439 3596 4665 9615 6426 578 1584 4182 1360 4757 9127 2734 9682 126 4653 7986 1228 2264 5038 6833 7301 5880 3238 9991 7019 9476 4208 7923 1969 931 1169 2849 7985 5830 5183 5873 3618 483 6135 6558 1103 8833 4655 4669 4177 1606 5409 140 506 932 9268 3535 1679 6533 3117 4024 5555 1582 1644 7451 6099 2706 8015 8233 6446 9612 6017 6896 1649 9905 26 748 1076 2260 1675 7551 2106 9364 6614 4946 2018 9627 30 2543 565 7442 9354 2392 5179 8511 6576 1487 5835 3910 7715 9750 3760 1476 2193 2353 7543 7346 2851 624 5894 8079 7673 4289 8472 9875 1949 7705 3844 3887 9843 3916 7789 1293 268 4409 2163 7704 9280 1721 7221 5426 3554 8920 751 155 5267 6769 7994 2854 8789 5647 8195 2868 4189 2537 6098 5104 5863 7260 4457 6383 9343 8447 2256 5712 6974 3580 1781 2984 8115 8813 9935 6391 7547 3754 611 317 2545 7892 4052 1298 1816 9072 6471 6836 9732 1742 3609 8199 2236 186 7338 5811 1318 6042 7168 9510 7486 19 9031 4841 6674 9697 5077 8220 4378 5682 716 6189 8571 3786 817 9329 2638 1277 4683 6977 2625 1932 8939 5318 5718 7750 1681 6571 5500 203 5166 6938 7666 4341 4145 1264 5774 6129 4284 6801 752 5963 5823 4125 7017 248 25 6618 9609 4907 1544 6962 3798 6751 2550 9435 9958 3313 851 4831 2078 9347 2624 1634 6758 9076 9646 8343 5365 1112 8752 3466 7504 5710 8069 1241 8656 2563 8816 353 6501 2287 8662 700 1045 5182 9844 2 9704 1638 1466 1708 6200 5517 835 1651 2438 6143 8870 9266 729 4012 1308 2269 6354 2866 8707 996 6245 7926 9822 4856 1462 5045 7208 2333 7372 9966 3787 4990 328 3717 7233 3784 1071 2367 4888 5816 5970 3606 755 5345 3880 5150 2306 4612 5048 3808 384 5767 2426 3478 2825 519 8786 1642 172 5915 4431 2409 549 7448 2299 5023 8198 1821 1438 1432 6814 4019 5203 814 8505 2487 1924 5663 8072 3094 5338 4623 8563 404 4656 4119 3059 2528 5090 257 8286 5138 4850 8975 8059 3496 8194 5301 4106 6340 2121 4546 915 8973 2473 8487 7698 4634 4121 507 5510 8444 5020 6825 6782 7758 3789 3074 1579 1519 6554 997 9540 8162 5640 992 3780 8046 5664 7461 7166 2714 1146 964 6859 7906 4320 5086 7330 8906 4473 1956 1986 73 7074 4453 7339 94 2929 7047 7266 4899 1435 7064 4910 4031 221 4601 3734 2158 5300 2384 9924 4014 7297 9946 375 3920 6107 2181 4099 3081 7804 2028 3106 5303 188 2126 7391 4323 1897 3539 7380 5266 1165 6394 3591 4259 6580 9840 8978 8877 2513 546 8847 6423 4981 6339 3561 3859 116 9557 4898 4725 8933 9414 3841 677 6556 4609 1923 5950 1072 5186 3941 3428 9323 3222 237 4892 7501 6874 7768 5073 9471 6943 7963 795 4790 1022 6581 3679 234 8959 2317 7976 6104 1273 1728 4936 2022 3 8316 8142 951 3169 8066 1494 9378 5966 1718 9275 5108 5941 842 1070 4697 813 7602 5809 8190 3107 6025 5155 3607 468 6700 726 8544 2976 9939 7523 5171 3914 7160 4206 3856 8261 4376 2493 657 1002 4141 1688 4313 5905 2442 2615 7594 9496 6763 6250 3873 1217 2653 4630 8977 8174 9289 7617 5537 9538 6341 101 4626 5051 8189 9634 6262 9541 3156 1522 5845 4456 437 1261 2908 8668 4390 411 9194 5226 6330 9181 1201 4833 3831 5097 2201 2875 5795 282 6256 1035 339 6628 9667 2298 822 3210 3312 1667 9021 3125 734 3796 5280 8514 8661 511 5932 9968 6914 1594 4510 4858 2805 2874 9630 1331 4576 6179 304 7954 833 2718 2647 2380 136 3699 1968 6028 9505 5798 2005 8248 4430 4239 9984 6103 8740 4534 921 4645 6729 3816 4218 6528 4009 6059 1999 1340 6176 2464 983 2423 6258 6573 533 5698 5973 2014 8369 2173 3183 6385 6806 9514 9789 8665 7815 3391 6228 7205 2116 6775 6402 6089 2767 1366 4271 1118 7283 7850 7902 3763 9590 6246 2309 2743 6207 5451 9956 4985 8456 2134 4635 512 5341 120 8394 4628 4296 3704 5957 2318 6390 4047 692 3044 4136 1909 7792 1133 4972 5787 4234 8960 3655 4694 3247 7927 6933 3260 4278 8163 168 2369 487 767 6637 7802 4974 4337 1410 4070 7826 4848 4076 556 4861 3112 4522 865 1385 7685 6111 6514 4211 7899 7756 5985 6877 7491 1009 1479 2118 5853 3101 9784 2673 2847 7993 5286 7953 1333 1193 8297 9785 6484 3552 6873 8125 297 6085 9836 7477 2244 7279 2036 8655 6890 7179 240 7085 3355 7798 9607 7460 8797 8717 6086 6093 8223 75 8893 2040 2561 919 8582 1226 3778 6582 3202 4748 7695 5531 8362 1329 3680 7771 6645 3759 7452 6096 8259 1523 902 4759 8822 4999 9362 1729 9014 4806 7995 6493 6223 1640 6474 2408 6623 6326 5667 9628 5839 2289 3758 5785 8443 878 5606 7979 7757 1826 6935 5125 2406 2152 5391 8377 4297 8650 4592 3124 4380 8907 1884 6166 5939 7948 1815 7925 4144 8486 5112 8311 5752 616 163 3725 4578 5214 1771 7265 5219 7735 4646 1937 1421 4050 2168 9574 6657 8060 8141 5746 7073 525 4747 1359 3019 4355 125 2503 9209 8997 8187 5056 3668 3700 3284 7951 2690 6401 1580 1062 2339 9465 7863 9337 8831 746 9932 6037 1881 4622 4682 9017 6579 9531 7383 6641 2965 3350 8914 5403 1931 2789 7591 3130 6798 8466 1762 7189 9694 2084 7286 5389 7446 6075 7468 5244 4462 5324 3416 2731 6321 4962 9589 562 8368 4530 698 8338 9888 3559 8380 942 8219 1093 496 5780 9027 7910 3265 3408 2654 3724 7223 3095 7974 4020 8036 1866 8496 7823 6838 7219 9166 7046 5572 1335 4498 5074 3894 2858 2689 7169 2448 7631 3774 1176 1294 7642 532 1615 1645 1723 4663 5243 8232 2427 5542 8608 8218 1075 8714 7401 3590 9691 8445 7198 9758 3303 9877 8859 3781 2995 2970 9064 618 7690 6695 6419 6976 6952 8062 6292 8541 1864 6149 8428 6069 1505 1380 9728 1395 3239 7793 4486 2817 6894 3811 1311 8314 516 7956 9834 8868 8137 3016 2697 7058 3306 2135 4400 8184 9331 9260 9921 8221 9382 2337 7184 7317 1677 9807 5645 8509 6307 8701 5101 3937 771 3614 8139 2089 5998 4800 9906 5661 9649 8177 7350 6767 5919 3152 5312 7263 648 4283 2509 1239 3348 4993 7056 1412 5753 7885 7161 2393 6659 6356 342 7277 4268 4711 9128 3806 6404 8102 2640 2266 8275 1784 2090 4213 7912 8809 474 6122 6761 7799 2784 5782 3038 9073 2122 3245 8085 5610 1139 8438 2629 6534 8885 8283 1245 6961 6522 8926 231 8016 3324 4294 2270 3933 5840 9036 4299 9045 3100 8934 9852 6620 6088 6712 7352 4307 5447 4454 4523 5254 3430 9908 6272 3586 4552 880 1555 156 2239 5507 2475 3562 451 5293 2931 9431 7484 3394 364 691 3654 9786 7895 3409 5142 6462 5068 7202 4561 2285 6713 3733 4927 936 8061 3551 9886 6358 3111 7530 6752 8628 326 7280 7502 4124 377 7539 3283 2636 8634 6575 7945 7808 8381 3192 1159 6442 6053 6632 4509 4538 9477 5062 181 3474 2538 5810 9179 7366 2429 9653 6323 9790 1029 4339 215 8344 5428 4389 8020 4427 5059 3403 2480 2855 5565 4638 9405 3144 8899 8234 8454 5156 841 6777 9821 1912 5982 2568 6990 9161 8032 6583 765 2293 9264 6147 712 2162 7683 5687 920 8773 3113 4223 1060 1006 7483 5470 7896 3983 6526 7061 8034 6823 8515 5439 2221 5584 9647 4883 7668 1040 5751 2019 21 7587 8594 2728 6371 3599 557 4406 9333 1208 2200 7006 7693 9517 3917 5096 7689 5892 8293 9080 8633 9769 8568 777 8253 6722 2824 3723 3632 8591 4743 6022 4998 485 1517 8150 2712 2410 1500 8109 3423 8916 7090 7837 2213 2212 4912 8595 4126 1625 5231 5826 6465 4328 1160 4512 927 9507 6760 3132 2127 2237 3307 8080 7116 3749 5958 8117 9328 1286 8674 8294 7529 1786 2586 1600 1378 8169 8491 6565 2684 8554 6134 6424 7180 9426 7754 8153 3321 6153 8206 7289 8207 2102 2382 3656 3955 3033 6633 9707 7422 2283 5505 8705 1577 6388 1593 3519 5597 4823 9564 7540 736 1290 6863 8576 7051 6495 454 1073 5993 8249 6972 626 6066 1972 9913 2720 714 7888 7284 3991 8014 6395 8845 1459 4011 709 7508 1305 2190 6878 9242 7886 7790 5144 6897 5642 1824 7544 4035 2071 4606 4330 6377 1173 3334 1094 5794 3926 5769 7490 6740 2578 9809 9923 7445 5353 7828 8777 1451 4247 8846 2490 4058 1859 4903 4963 480 4025 3171 2504 4069 3041 7472 5071 9463 5190 5390 8091 9872 6818 5803 8757 386 8146 663 8575 1087 2495 6156 4321 8459 5054 7479 9524 7431 9223 2295 2760 6248 6217 9729 4829 5802 8749 2557 3328 5719 6549 4798 8371 9407 2407 763 5070 1759 9248 4273 4834 2658 5364 5034 8449 1405 3871 1559 9436 4118 2179 4169 1503 8366 1843 71 5081 363 2457 5587 3611 33 5421 4395 5140 5173 937 3570 5418 7402 9207 6612 7091 4168 8308 4978 5239 2921 5598 9366 9880 5017 6851 4308 9065 2604 8217 558 8762 4864 1927 4896 6866 4954 7013 3022 4729 6744 3467 7358 2940 1701 9974 8584 492 4980 3794 6433 9392 5161 5296 2841 7176 2362 5452 9217 5842 8288 9805 5315 3287 7255 778 7916 9206 6451 1134 4948 3658 6848 9909 6915 2308 5366 6144 452 1001 5444 1756 1316 3643 9195 5530 5170 177 7374 6109 4615 3193 8154 1128 8667 1768 2065 5568 1116 7450 9999 8048 5773 6588 5079 5711 3664 6909 7407 2421 9373 4161 4470 6438 1552 2939 5983 4387 8711 9243 460 4368 8888 8832 1129 9931 8567 8956 6045 5691 8945 3031 6725 9879 8666 7777 7526 9384 3015 8242 8924 3424 3883 4932 7449 9639 4153 6408 5456 2999 7216 594 3437 2950 1752 6520 7035 8657 4302 5554 5067 1619 7022 3909 184 7496 2797 62 659 4108 3035 5055 1109 425 4567 5209 5116 9754 1854 2099 1837 6710 1010 6192 2312 8690 948 6517 3837 1338 4038 7238 8755 3349 302 4225 2710 8367 2258 7395 3707 1636 2799 1474 5503 591 9926 1906 54 1178 8912 6064 7553 9053 3777 2024 3537 7805 540 6455 4953 3597 3850 7194 2209 7755 2103 4281 5934 8398 2479 9791 8055 4804 6509 8999 1495 481 3817 9853 5871 434 7026 5105 4651 9993 6254 5001 8546 3750 6378 8356 7108 256 1872 9412 8386 9377 7509 4562 7615 9523 3623 7052 6694 9857 3411 6578 5098 1292 8022 2715 6940 6437 3149 118 5601 8531 9089 5242 4226 2433 3615 5354 3672 7470 2736 7028 2937 5207 1222 589 4156 2783 5015 2737 4755 225 7933 7156 1966 3389 7281 8697 5709 4401 2962 6425 7609 831 3964 1051 5814 6941 4204 4723 1283 6876 579 5684 9829 8276 6919 4785 4361 636 2641 3585 3096 6548 4056 31 2688 5132 6331 5012 5406 3030 7780 1876 8004 269 7462 1262 3962 9138 3676 7121 1910 3745 987 4986 1743 6502 3196 8904 4924 5649 8918 4158 3250 436 6202 4463 3874 6188 4931 6525 2050 7781 7170 609 4148 6261 6076 1520 7418 8211 8548 567 3785 2845 7125 6232 5519 6409 4720 6398 6840 4461 2539 8721 8077 6212 928 977 5282 9533 2661 1477 3771 7259 3634 7987 5271 3159 3344 4022 7730 3197 683 6537 6240 2698 1970 6174 9355 2547 4708 9633 3420 318 6916 9973 2255 8761 7178 8179 7590 6970 9860 3783 3404 7663 1787 5526 5594 8700 5386 6127 77 3300 498 3162 289 4115 8063 687 9432 9218 1131 335 2666 9114 7485 6745 9059 9891 559 5005 6667 9319 2944 5247 9989 1025 898 2787 5479 3740 786 8433 7720 3343 9803 6000 3092 2632 9461 5678 9372 7459 5261 595 2130 9624 788 5900 7162 1952 7042 8615 3468 918 7213 2983 3451 2859 9662 3053 3695 3743 1590 3968 4706 5147 6702 3852 671 3352 1954 3529 5348 1836 9198 4778 3942 3297 9723 8152 1516 1445 1473 1188 6182 9680 5323 6590 1941 8103 7209 5433 5115 6328 3201 4667 5701 4157 2498 580 2336 9916 8943 8664 6871 5646 1737 9365 3191 6978 4040 3098 9143 3347 5356 7528 1599 9113 7556 211 5879 1630 4930 6376 5979 1120 7542 6160 7807 5408 4232 523 5022 1846 4739 3876 7869 6199 3116 9960 744 7007 2057 7726 4787 924 5599 6624 1528 2013 6856 2185 8442 320 9389 7876 7784 4185 6735 456 2735 8557 2174 1064 1117 7173 4889 3694 1415 9534 9854 3198 1052 5307 7681 3870 838 2468 3017 1996 1587 7562 6636 1026 7505 4493 6194 634 5072 323 7841 9391 1197 4477 6891 6969 7514 4838 7032 1841 3813 6190 7009 5016 871 408 8838 7751 1345 2277 2978 86 6532 3078 6325 3085 9164 6057 8267 2063 9867 3257 355 2830 8955 1387 7978 324 4079 9292 4807 1050 5938 5297 5463 1734 669 9635 2785 5459 4215 3965 5532 1944 6550 5335 8196 5877 8107 8104 3946 4865 8093 6880 5708 4690 8235 2583 7864 1867 6589 5583 8597 6486 79 2838 6410 5504 8186 8963 4397 9883 1314 9335 2913 8895 9057 8748 1705 6148 727 4265 4535 2354 7367 6500 3767 1354 3181 6372 8065 9236 8974 235 6206 160 8254 4673 417 3203 5588 2243 7044 8526 1789 6755 6447 7376 2786 3376 3114 7625 3542 3689 539 3625 9626 3481 1753 4254 6606 1537 8011 2709 8642 8694 5413 5457 8756 6047 5992 8850 1893 711 6077 9060 4940 9085 2885 3728 2047 7203 9010 3807 9177 9614 2124 3731 5848 9846 9314 90 7637 2662 3544 6926 1138 2250 9599 2011 1042 6472 9705 6584 4319 3279 4640 553 3848 3433 170 2286 4793 4080 3512 6875 676 2555 1839 3884 233 910 2447 3616 2386 314 292 4224 8812 3419 6506 9098 192 373 8143 7355 1509 946 4028 4353 2892 9683 6643 3217 1170 969 8593 5343 60 1328 5715 3246 3791 3375 8908 3505 9387 4582 7657 4782 1315 718 3812 3140 4444 6665 470 667 2133 5036 5449 3333 2540 4377 531 1802 7341 7614 8300 8607 7207 2676 109 7849 1627 1016 219 376 3139 5501 5127 8247 9756 3932 5032 2125 1502 287 9719 8652 6837 9952 2049 9253 9761 3832 4842 7404 8138 2059 7857 4642 1124 9199 6481 6082 1478 380 22 1453 8989 2581 2659 5951 8417 4010 5021 2763 5671 5188 7911 1833 2501 2777 2365 4231 960 3475 6275 32 8031 3773 1377 6062 3034 5 2271 4727 6553 6893 7843 1650 6511 3477 8829 6005 9490 5346 645 6669 6792 166 4742 6607 5964 1693 1583 749 3429 3381 9795 130 2519 6140 5180 1748 2462 8587 1857 6568 6547 1610 5849 2818 4433 8722 6318 6784 1993 1162 1814 7241 3170 2403 4275 5680 635 1602 8730 6701 6315 3011 9235 4018 4836 5704 6746 9042 4532 3339 8078 8744 862 4173 6264 3688 336 5820 8290 7153 5571 1928 4488 9083 4604 8213 3387 4928 5496 7981 4648 8044 3638 888 4316 9678 7935 9338 9827 8972 8782 366 6428 222 270 3209 6675 1282 9220 4004 874 9425 3670 8536 4815 9160 4602 8583 3382 6524 1252 2074 5487 7454 9995 3809 6180 9176 7101 5602 9581 7624 5460 3023 6489 2194 4198 3900 1831 3207 422 2268 2558 5092 4188 1871 7655 383 6227 886 4066 3487 7021 1384 1809 9146 2316 8543 2007 8768 9528 8341 2107 1626 6170 9904 251 4379 7424 708 4632 9424 9699 4550 9695 2750 6858 2058 3835 9442 7334 1595 7029 538 5196 702 2535 6267 9549 9513 1049 1024 6728 378 2368 8070 2968 2343 7500 1964 2151 16 7214 2882 2991 7519 6844 6055 6559 685 6967 6004 4187 9937 9928 9213 8208 9300 3560 6966 6458 8105 4120 4822 2206 9967 8421 6241 1225 4542 706 7527 1659 9481 58 4610 6468 6296 1390 8935 3413 1858 4756 2432 6562 6577 1236 9884 2961 2284 2114 5233 5685 2863 7148 926 8778 8754 3077 1230 5761 6770 9233 7003 3206 2616 9024 1992 5197 13 5473 466 4580 9712 7770 6622 2198 3147 4599 7827 271 1127 6521 5437 9441 4230 8437 9434 457 1838 8038 17 9131 2034 8374 209 3362 4624 2942 5990 4192 545 772 1726 6819 6939 3770 9897 340 205 206 7365 5962 3649 7261 8708 9563 9196 3666 5352 3934 4754 2328 7845 5980 7861 97 5936 656 584 5287 3262 360 196 6329 4843 6956 1077 2227 9711 2241 8427 5398 8880 8649 7638 8783 8339 8901 112 6061 8263 9637 6244 4627 7967 1930 8878 5066 4507 9279 5765 7037 2350 8612 7276 971 4439 9813 6473 7493 6774 8537 9288 2747 707 8330 7471 799 4249 1175 2977 3605 1281 4490 2267 2600 2846 6860 2485 9000 9638 5742 8110 3647 6904 6295 9992 246 5544 1203 7900 9941 5229 9135 332 6733 9385 7403 2164 3058 5995 8804 837 5578 1067 8927 5618 3267 638 2930 1575 8580 5252 370 7621 4336 2900 3295 5944 432 5777 1004 7507 1306 2726 2692 6822 7408 798 4424 5216 6724 9669 9700 5732 5466 7766 9925 4404 3119 7165 9578 4893 5174 1265 3792 2898 2966 5883 3004 2506 8279 7724 3205 9772 495 1639 8569 836 7369 9381 5720 7444 1607 6984 3335 4554 6365 1624 7946 6862 2167 6516 5153 2526 2575 7187 5756 7147 1697 3269 834 2711 666 9620 2228 524 4544 7702 5119 1452 5162 9234 8431 976 8760 4044 3862 555 529 137 7972 7356 3281 7327 768 4641 4322 9911 3665 3885 8864 1700 2923 8185 930 4839 8688 4008 917 4087 5673 9571 6253 3167 1362 1915 5695 7538 4021 1167 8865 3709 4847 1204 2741 8498 6964 1014 4110 6167 3182 4382 9971 723 2974 7535 9200 4781 3309 9121 8335 1990 3669 785 8399 239 6400 3545 839 7222 8917 5407 1823 8572 423 2025 3266 4282 7646 929 5152 7890 1136 6563 3040 7466 3541 2214 5497 8331 699 2619 3051 6994 1352 1525 1184 761 5194 4318 5887 877 2484 9818 9896 3718 2988 349 2990 15 6278 541 6306 2411 1817 9778 1483 3054 1401 8420 5427 7469 1907 830 9582 2216 3727 2527 9009 9346 3064 5046 9456 956 1566 8101 1278 2546 2992 5093 2037 4388 9942 9186 252 769 1015 4751 8745 1365 8349 1797 7475 443 3137 2809 119 3810 217 5100 4140 9103 7319 725 5249 5624 5359 5102 7749 6754 9312 7737 8742 2155 5334 9390 8873 1665 952 9611 5164 895 1538 3639 2668 8993 9230 9874 1123 4495 614 7574 4517 5251 4773 8635 5916 2946 8928 6842 4415 407 6510 6048 1882 6106 1348 2417 3319 5378 1508 8855 9075 3939 582 3526 3528 4229 3975 8810 8083 6029 2842 3131 5442 2505 8464 2482 1792 5065 8842 8692 674 3905 5913 8497 9714 2827 3857 4672 4264 6173 4480 6811 2890 3888 230 5276 8192 4438 1622 3289 4970 8801 1880 5978 5778 5885 550 4222 1232 4113 7489 4007 7619 6699 8477 247 1692 1776 2956 655 528 686 3501 8675 5210 4967 5025 2477 2469 4290 4101 2160 3412 8088 1916 5167 5696 2679 600 3230 3977 5184 3828 2934 3538 8922 1501 3502 5668 4705 6112 458 9814 6677 3157 1489 2833 1902 9303 1491 9359 4511 4485 1153 8415 3189 2413 2281 6648 7822 1714 4062 6795 631 8863 1526 4611 8994 668 3719 9241 1959 5788 2796 9229 7894 5800 9026 379 2098 4422 5841 585 9491 3110 2305 2553 57 8598 9339 199 6726 5607 398 2233 6279 4434 8651 8573 2840 6487 2960 3651 3046 477 1666 2066 2804 2775 3233 7992 4979 1513 5819 6416 4342 214 7569 1485 8987 2603 4826 8562 9940 5078 7879 5091 284 5559 190 2803 5721 9636 2772 9094 2488 858 4332 2171 1813 7934 2656 4407 1818 2117 9444 453 1205 5925 2675 8530 7627 2301 9144 5193 8396 3448 8181 4292 3345 1083 9034 7191 1101 5609 1337 6857 923 7607 7243 6551 8429 9670 5204 5235 2307 2768 1472 9482 2370 1270 564 7915 7584 4269 3453 3439 1091 8411 1702 7554 2588 568 8127 9191 2986 6397 4840 4091 6621 319 9866 2033 9775 4809 9499 8523 2701 5976 3337 3765 2399 1808 3338 1670 4006 5195 7658 2259 5344 7245 5347 3482 9455 9156 316 4803 4745 986 6852 5643 7492 42 7359 3161 8159 


Tempo medio da DFS (vetor): 0.00061242
Tempo medio da BFS (vetor): 0.00079112
